0
56.99
0
0
66.49
66.49
69.99
66.49
66.49
66.49
66.49
0
0
0
0
0
37.99
28.49
37.99
18.99
37.99
75.99
28.49
94.99
66.49
75.99
113.99
9.49
28.49
47.49
18.99
4.74
85.49
66.49
66.49
85.49
85.49
52.24
52.24
37.99
37.99
37.99
56.99
56.99
56.99
56.99
0
0
0
0
0
66.49
66.49
56.99
56.99
0
56.99
0
56.99
56.99
56.99
56.99
56.99
56.99
0
56.99
0
0
59.99
56.99
56.99
59.99
56.99
56.99
56.99
56.99
56.99
0
0
0
0
0
56.99
0
0
0
0
0
0
0
0
0
0
0
66.49
69.99
66.49
66.49
66.49
66.49
0
0
0
0
0
0
80.74
66.49
71.24
56.99
9.49
18.99
28.49
4.74
47.49
75.99
9.49
9.49
37.9905
18.99
18.99
18.99
37.99
37.99
37.99
37.99
37.99
47.49
37.99
37.99
9.49
9.49
9.49
18.99
37.99
18.99
9.49
28.49
37.99
66.49
85.49
71.25
28.49
47.49
9.49
33.24
4.74
56.99
75.99
113.99
9.49
94.99
18.99
33.24
4.74
47.49
66.49
9.49
18.99
33.24
4.74
47.49
28.49
66.49
85.49
9.49
18.99
33.24
4.74
47.49
9.49
28.49
66.49
94.99
47.49
47.49
56.99
66.49
18.99
71.24
94.99
113.99
28.49
37.99
56.99
56.99
56.99
56.99
56.99
56.99
0
0
0
0
0
0
0
56.99
66.49
49.99
47.49
47.49
47.49
47.49
47.49
47.49
0
0
0
0
0
47.49
0
0
47.49
47.49
47.49
47.49
47.49
47.49
0
0
0
28.49
0
0
0
0
0
0
0
0
0
0
0
0
0
0
0
0
0
0
66.49
4.74
47.49
9.49
94.99
18.99
71.24
94.99
113.99
37.99
29.99
29.99
0
29.99
0
29.99
29.99
29.99
29.99
59.99
59.99
0
59.99
0
59.99
59.99
59.99
59.99
59.99
59.99
59.99
59.99
59.99
59.99
59.99
59.99
59.99
59.99
59.99
59.99
59.99
19.99
19.99
19.99
19.99
19.99
19.99
19.99
19.99
19.99
19.99
19.99
19.99
19.99
29.99
29.99
29.99
29.99
29.99
29.99
29.99
29.99
29.99
29.99
29.99
29.99
29.99
0
0
29.99
29.99
29.99
29.99
29.99
0
12.99
0
12.99
0
12.99
12.99
12.99
12.99
38.99
0
38.99
0
38.99
38.99
38.99
38.99
0
0
0
0
10
0
0
0
0
0
15
0
0
20
0
0
25
0
0
30
0
0
5
0
0
50
0
0
75
0
0
0
0
56.99
56.99
56.99
56.99
56.99
56.99
0
0
0
0
0
56.99
59.99
56.99
56.99
56.99
56.99
56.99
0
0
0
0
0
56.99
18.99
