4251976764809
4251976764816
4251976769729
4251976764830
4251755685752
4251755685721
4251755685820
4251755685738
4251755685776
4251755685783
4251755685844
4251755685868
4251755685745
4251755685837
4255663368936
4251755685769
8806189433286
8806189433262
8806189439875
8806189432999
8806189432661
8806189432753
8806189422662
8806189422570
8806189422532
8806189422556
8806189422594
8806189423287
8806189423300
8806189423317
8806189423294
8806189423270
8806189432609
8806189428947
8806188754962
8806189429005
8806188754993
8806188762929
8806188762707
8806188762936
8806188762691
8806189422310
4251755687688
4251755687725
4251755687732
4251755687794
4251755687817
4251755687695
4251755687787
4255663368950
4251755687718
4251755686209
4251755686179
4251976786924
4251976786931
4251976786948
4251976786955
4251976786962
4251976786979
4251976786986
4251976786993
4251976787006
4251976787013
4251976787020
4251976787037
4251976787044
4251976787051
4251976787068
4251755687770
4251755687671
4251755687701
4251890988992
4251890988923
4251890988909
4251890988947
4251890988954
4251890989012
4251890989036
4251890988916
4251890989005
4255663369193
4251890988930
4251890988893
4251976737643
4251976737735
4251976737667
4251976737759
4251976737773
4251976737681
4251976737698
4251976737650
4251976737742
4255663369698
4251976737674
4251976737636
4251755686278
4251755686186
4251755686223
4251755686230
4251755686292
4251755686315
4251755686193
4251755686285
4255663368905
4251755686216
8806189421252
8806188769652
8806189411208
8806189411222
8806189420620
8806189411901
8806189411918
8806189411925
8806189411895
8806189411932
8806189420644
8806188716663
8806188716625
8806188769744
8806188716908
8806188716885
8806188742327
8806188768716
8806188769317
8806188768396
8806188768815
8806189412717
8806188768723
8806188770078
8806189412847
8806188768372
8806188768921
8806188769232
8806188768440
8806188769157
8806188769065
8806188768594
8806189422808
8806189433279
8806189408970
8806188769546
8806188769522
8806188769553
8806188727430
8806188727416
8806188727423
8806188727409
8806188728321
8806189408291
8806189408284
8806188727362
8806188727393
8806188727317
8806188727379
8806188727355
8806188727386
8806189408567
8806189400110
8806189400127
8806189400134
8806189400103
8806189400141
8806189420668
8806189420651
8806189420675
8806188742211
8806188742228
8806188742235
8806188742204
8806188742242
8806188706756
8806188713679
8806188749753
8806188749760
8806188728307
8806188798805
8806188798829
8806189433330
8806189423881
8806189433347
8806189433354
8806189433361
8806188770122
8806189431893
4251976707646
4251976707547
4251976707554
4251976707592
4251976707608
4251976707660
4251976707684
4251976707561
4251976707653
4255663369469
4251976707585
4251976732693
4251976732785
8806189439752
8806189440529
4251890994825
4251890994689
4251890994627
4251890994641
4251890994726
4251890994740
4251890994863
4251890994900
4251890994665
4251890994849
4255663369278
4251890994702
4251976763628
4251976763666
4251976763703
4251976763642
4251976763680
4251976763727
4251976763741
4251976763826
4251976763864
4251976763901
4251976763840
4255663369766
8806189422853
8806188769843
8806189415794
8806189420866
8806189412083
8806189412090
8806189412144
8806189412151
8806189412106
8806189412113
8806189412168
8806189412175
8806189412120
8806189412137
8806189420873
8806189420880
8806189420897
8806188769911
8806188769904
8806189433224
8806189423782
8806189423812
8806189423799
8806189423829
8806189423805
8806189433231
8806189433248
8806189433255
8806189412809
4251604131454
4251604131447
4251604131553
4251604131508
4251604131485
4251755608430
4251604131560
4251604131478
4251755665952
4251604111579
4251604111562
4251604111586
4251604111531
4251604111555
4251604116574
4251604111609
4251604111616
4251755665945
4255663342806
4255663342684
4255663343070
4255663343131
4255663343100
4255663343162
4255663343469
4255663343551
4255663343582
4255663343612
4255663343643
4255663343674
4255663343704
4255663342790
4255663342677
4255663343063
4255663343124
4255663343094
4255663343155
4255663343452
4255663343544
4255663343575
4255663343605
4255663343636
4255663343667
4255663343698
4255663342813
4255663342691
4255663343087
4255663343148
4255663343117
4255663343179
4255663343476
4255663343568
4255663343599
4255663343629
4255663343650
4255663343681
4255663343711
4251755620074
4251755637911
4251755620067
4251755620036
4251755620272
4251755620081
4251755620104
4251755620159
4251604176950
4251604176981
4251604176899
4251604177070
4251604177353
4251604177193
4251604177162
4251604179241
4251604176967
4251604177025
4251604176905
4251604177087
4251604177360
4251604177209
4251604177179
4251604179258
4251404514129
4251404514136
4251404514143
4251404514150
0885370846218
4260505537999
4251404509347
4251604194893
4251604194879
4251604194923
0885370846225
4260505538002
4251404533687
0885370846232
4251755608324
4251755608386
0885370846249
4260505538019
4251404509354
0885370846256
4251755608331
4251755608393
0885370846201
4251972907354
4251404509477
0885370846263
4260505538026
4251404509361
0885370846270
4251755608348
4251755608409
4251604194794
4251604194848
4251976719557
4251976719625
4251976719533
4251976719571
4251976719588
4251976719649
4251976719663
4251976719540
4251976719632
4255663369520
4251976719564
4251976719526
4251755686575
4251755686506
4251755686483
4251755686520
4251755686537
4251755686599
4251755686612
4251755686490
4251755686582
4255663369056
4251755686513
4251755686476
8806189422839
